61
Caenorhabditis_elegans|C15B12.5a.1       0.0000000 0.0000010 0.0000010 0.0000010 0.3879056 0.3879056 1.6137724 1.6137724 1.7031875 1.7433101 2.9214406 2.9214406 2.9402277 2.9402277 2.7770356 2.7770356 3.0566642 3.0274221 2.6962276 2.6978968 2.7562584 3.2522389 2.8696505 3.0168613 2.9425348 2.9279328 2.9373498 2.9564569 3.8707057 3.8707057 4.0963248 3.9983116 4.5182744 4.5073760 4.5073760 4.3921115 4.4604141 4.7104387 4.4949111 4.5704085 4.8554567 4.8564852 4.8554567 4.6021142 4.9181734 4.3641718 4.2965987 4.7524900 4.7524900 4.3630413 4.5227499 6.4471547 4.1987546 4.1987546 4.2108915 4.3411953 5.4756051 5.2289176 5.7284830 7.1656103 7.1656103 
Caenorhabditis_elegans|C15B12.5b.1       0.0000010 0.0000000 0.0000010 0.0000010 0.3879056 0.3879056 1.6137724 1.6137724 1.7031875 1.7433101 2.9214406 2.9214406 2.9402277 2.9402277 2.7770356 2.7770356 3.0566642 3.0274221 2.6962276 2.6978968 2.7562584 3.2522389 2.8696505 3.0168613 2.9425348 2.9279328 2.9373498 2.9564569 3.8707057 3.8707057 4.0963248 3.9983116 4.5182744 4.5073760 4.5073760 4.3921115 4.4604141 4.7104387 4.4949111 4.5704085 4.8554567 4.8564852 4.8554567 4.6021142 4.9181734 4.3641718 4.2965987 4.7524900 4.7524900 4.3630413 4.5227499 6.4471547 4.1987546 4.1987546 4.2108915 4.3411953 5.4756051 5.2289176 5.7284830 7.1656103 7.1656103 
Caenorhabditis_elegans|C15B12.5e.1       0.0000010 0.0000010 0.0000000 0.0000010 0.3869814 0.3869814 1.6145442 1.6145442 1.7083379 1.7167762 2.9401600 2.9401600 2.9591505 2.9591505 2.7938480 2.7938480 3.0558096 3.0264427 2.6725046 2.6737698 2.7264358 3.2616890 2.8314713 3.0030530 2.9583926 2.8931999 2.9271422 2.9262566 3.9121563 3.9121563 4.0267919 3.9773684 4.4699342 4.5073760 4.5073760 4.3783807 4.4472112 4.6993054 4.4829467 4.5716104 4.8224484 4.8235083 4.8224484 4.5698962 4.8705469 4.2987249 4.2589870 4.6986091 4.6986091 4.3299114 4.4901573 6.4471547 4.1873519 4.1873519 4.1725860 4.3651003 5.5295979 5.2796454 5.7284830 7.1656103 7.1656103 
caenorhabditis_elegans|C15B12.5e.1       0.0000010 0.0000010 0.0000010 0.0000000 0.3869814 0.3869814 1.6145442 1.6145442 1.7083379 1.7167762 2.9401600 2.9401600 2.9591505 2.9591505 2.7938480 2.7938480 3.0558096 3.0264427 2.6725046 2.6737698 2.7264358 3.2616890 2.8314713 3.0030530 2.9583926 2.8931999 2.9271422 2.9262566 3.9121563 3.9121563 4.0267919 3.9773684 4.4699342 4.5073760 4.5073760 4.3783807 4.4472112 4.6993054 4.4829467 4.5716104 4.8224484 4.8235083 4.8224484 4.5698962 4.8705469 4.2987249 4.2589870 4.6986091 4.6986091 4.3299114 4.4901573 6.4471547 4.1873519 4.1873519 4.1725860 4.3651003 5.5295979 5.2796454 5.7284830 7.1656103 7.1656103 
ascaris_suum|AgR036X_g023_t02            0.3879056 0.3879056 0.3869814 0.3869814 0.0000000 0.0000010 1.5509762 1.5509762 1.7212120 1.7696567 3.0566151 3.0566151 3.0759864 3.0759864 2.9200648 2.9200648 3.3256491 3.2650851 2.8938822 2.8766252 2.9502392 3.0533600 2.8877804 3.2515290 2.9340152 3.3684954 3.1453977 3.0254905 3.9812405 3.9812405 3.8779678 4.2530798 4.4578978 4.5473863 4.5473863 4.7090201 4.7271147 4.6067593 4.3938319 5.2191854 4.6595283 4.6794085 4.6595283 4.7883839 4.9881522 4.6456761 4.4191855 4.7184499 4.7184499 4.9177080 4.5499827 6.3887766 4.3305070 4.3305070 4.5162494 4.7781835 5.7063593 5.7028834 6.0574358 7.3493467 7.3493467 
ascaris_suum|AgR036X_g023_t03            0.3879056 0.3879056 0.3869814 0.3869814 0.0000010 0.0000000 1.5509762 1.5509762 1.7212120 1.7696567 3.0566151 3.0566151 3.0759864 3.0759864 2.9200648 2.9200648 3.3256491 3.2650851 2.8938822 2.8766252 2.9502392 3.0533600 2.8877804 3.2515290 2.9340152 3.3684954 3.1453977 3.0254905 3.9812405 3.9812405 3.8779678 4.2530798 4.4578978 4.5473863 4.5473863 4.7090201 4.7271147 4.6067593 4.3938319 5.2191854 4.6595283 4.6794085 4.6595283 4.7883839 4.9881522 4.6456761 4.4191855 4.7184499 4.7184499 4.9177080 4.5499827 6.3887766 4.3305070 4.3305070 4.5162494 4.7781835 5.7063593 5.7028834 6.0574358 7.3493467 7.3493467 
Caenorhabditis_elegans|F47D12.1a.1       1.6137724 1.6137724 1.6145442 1.6145442 1.5509762 1.5509762 0.0000000 0.0000010 0.2735317 0.6413798 2.7870586 2.7870586 2.8018960 2.8018960 2.6964245 2.6964245 3.3360105 3.1101407 2.8213823 2.8213823 2.9588233 2.7572262 3.0056795 2.7064624 2.7609158 2.9389786 2.5989233 2.7954072 3.3506456 3.3506456 3.4542752 3.5724018 3.9855178 3.7828594 3.7828594 4.0534226 4.0767502 4.0348906 3.8462116 4.1395054 4.1855472 4.1855472 4.1855472 4.0679745 4.6476833 3.5937947 3.5650052 3.7634771 3.7634771 3.4456801 3.5339694 5.5147068 4.4851330 4.4851330 3.6574763 3.6413202 4.7369664 4.7369664 4.5729696 6.3126350 6.3126350 
Caenorhabditis_elegans|F47D12.1b.1       1.6137724 1.6137724 1.6145442 1.6145442 1.5509762 1.5509762 0.0000010 0.0000000 0.2735317 0.6413798 2.7870586 2.7870586 2.8018960 2.8018960 2.6964245 2.6964245 3.3360105 3.1101407 2.8213823 2.8213823 2.9588233 2.7572262 3.0056795 2.7064624 2.7609158 2.9389786 2.5989233 2.7954072 3.3506456 3.3506456 3.4542752 3.5724018 3.9855178 3.7828594 3.7828594 4.0534226 4.0767502 4.0348906 3.8462116 4.1395054 4.1855472 4.1855472 4.1855472 4.0679745 4.6476833 3.5937947 3.5650052 3.7634771 3.7634771 3.4456801 3.5339694 5.5147068 4.4851330 4.4851330 3.6574763 3.6413202 4.7369664 4.7369664 4.5729696 6.3126350 6.3126350 
haemonchus_contortus|HCON_00085290-00001 1.7031875 1.7031875 1.7083379 1.7083379 1.7212120 1.7212120 0.2735317 0.2735317 0.0000000 0.5870063 2.6241955 2.6241955 2.6347175 2.6347175 2.4674304 2.4674304 2.9960849 2.8408911 2.6135870 2.6135870 2.8054623 2.6509988 2.8302897 2.9500345 2.7193017 2.9472408 2.5047407 2.8360854 3.1818436 3.1818436 3.3994609 3.6870997 3.8157196 3.9881150 3.9881150 3.9669618 3.9554852 3.6216792 3.5620274 4.3183259 3.8348323 3.8463031 3.8348323 3.7856832 4.3081456 3.6795195 3.7571568 3.6708436 3.6708436 3.6225081 3.8910355 5.0442052 4.5129232 4.5129232 3.4051571 3.4035056 4.9153520 4.9153520 4.9261215 6.7024230 6.7024230 
brugia_malayi|Bm4179.1                   1.7433101 1.7433101 1.7167762 1.7167762 1.7696567 1.7696567 0.6413798 0.6413798 0.5870063 0.0000000 2.9469697 2.9469697 2.9655597 2.9655597 2.9429609 2.9429609 3.1695608 3.0498086 2.9418828 2.9418828 2.9371772 3.2578810 3.1922471 2.8989385 2.6941925 2.8969625 2.7937866 3.0673891 3.7679777 3.7679777 4.3880070 4.3198318 4.3932409 4.1803912 4.1803912 4.5574643 4.5648604 4.3395921 4.3395921 4.8652902 4.6581663 4.6552574 4.6581663 4.4657048 4.7571102 4.3631902 4.3149625 4.5180971 4.5180971 4.3060885 4.7431361 5.7661589 5.5567686 5.5567686 3.9661513 4.1384281 4.9549025 4.9549025 7.1453535 7.9299820 7.9299820 
Caenorhabditis_elegans|Y40H4A.1a.1       2.9214406 2.9214406 2.9401600 2.9401600 3.0566151 3.0566151 2.7870586 2.7870586 2.6241955 2.9469697 0.0000000 0.0000010 0.0000010 0.0000010 0.2480343 0.2480343 0.4909521 0.4685803 0.6103602 0.5975587 0.6444745 0.5618224 1.0267823 1.2670785 1.3811506 1.4896566 1.5897755 1.4329584 3.5855514 3.5855514 3.3180457 3.3533479 3.4263815 3.7109005 3.7109005 3.4135057 3.5903339 3.7377260 3.5308099 3.6426658 3.3934319 3.3583814 3.3934319 3.3219784 3.8600617 2.9651573 2.9436654 3.3453956 3.3453956 3.4681104 3.1069541 4.5862660 4.2487082 4.2487082 3.3016345 3.7749887 3.7449126 3.6019939 4.3515514 4.5110505 4.5110505 
Caenorhabditis_elegans|Y40H4A.1a.2       2.9214406 2.9214406 2.9401600 2.9401600 3.0566151 3.0566151 2.7870586 2.7870586 2.6241955 2.9469697 0.0000010 0.0000000 0.0000010 0.0000010 0.2480343 0.2480343 0.4909521 0.4685803 0.6103602 0.5975587 0.6444745 0.5618224 1.0267823 1.2670785 1.3811506 1.4896566 1.5897755 1.4329584 3.5855514 3.5855514 3.3180457 3.3533479 3.4263815 3.7109005 3.7109005 3.4135057 3.5903339 3.7377260 3.5308099 3.6426658 3.3934319 3.3583814 3.3934319 3.3219784 3.8600617 2.9651573 2.9436654 3.3453956 3.3453956 3.4681104 3.1069541 4.5862660 4.2487082 4.2487082 3.3016345 3.7749887 3.7449126 3.6019939 4.3515514 4.5110505 4.5110505 
Caenorhabditis_elegans|Y40H4A.1b.1       2.9402277 2.9402277 2.9591505 2.9591505 3.0759864 3.0759864 2.8018960 2.8018960 2.6347175 2.9655597 0.0000010 0.0000010 0.0000000 0.0000010 0.2530088 0.2530088 0.4990203 0.4761627 0.6139539 0.6012240 0.6489091 0.5618224 1.0347030 1.2670785 1.3720571 1.4896594 1.5897755 1.4329584 3.5992403 3.5992403 3.3121884 3.3744814 3.4263815 3.7205946 3.7205946 3.4072456 3.5836780 3.7568723 3.5502697 3.6359648 3.4124496 3.3771896 3.4124496 3.3410550 3.8797031 2.9651573 2.9436654 3.3453956 3.3453956 3.4811884 3.1129511 4.6065436 4.2487082 4.2487082 3.3056820 3.7897996 3.7643300 3.6211697 4.3515514 4.5110505 4.5110505 
caenorhabditis_elegans|Y40H4A.1b.1       2.9402277 2.9402277 2.9591505 2.9591505 3.0759864 3.0759864 2.8018960 2.8018960 2.6347175 2.9655597 0.0000010 0.0000010 0.0000010 0.0000000 0.2530088 0.2530088 0.4990203 0.4761627 0.6139539 0.6012240 0.6489091 0.5618224 1.0347030 1.2670785 1.3720571 1.4896594 1.5897755 1.4329584 3.5992403 3.5992403 3.3121884 3.3744814 3.4263815 3.7205946 3.7205946 3.4072456 3.5836780 3.7568723 3.5502697 3.6359648 3.4124496 3.3771896 3.4124496 3.3410550 3.8797031 2.9651573 2.9436654 3.3453956 3.3453956 3.4811884 3.1129511 4.6065436 4.2487082 4.2487082 3.3056820 3.7897996 3.7643300 3.6211697 4.3515514 4.5110505 4.5110505 
haemonchus_contortus|HCON_00146030-00001 2.7770356 2.7770356 2.7938480 2.7938480 2.9200648 2.9200648 2.6964245 2.6964245 2.4674304 2.9429609 0.2480343 0.2480343 0.2530088 0.2530088 0.0000000 0.0000010 0.5029121 0.4794117 0.6207219 0.6080559 0.6611767 0.5232643 1.0742975 1.3164241 1.3420230 1.4967179 1.5965667 1.4974490 3.1818764 3.1818764 3.0784705 3.1552317 3.3248567 3.6254013 3.6254013 3.3042469 3.4434790 3.6430936 3.4575785 3.1851182 3.1785480 3.1470591 3.1785480 3.1208134 3.5558678 3.0701186 3.1012753 3.3360467 3.3360467 3.2174694 3.0538571 4.6416337 3.9801836 3.9801836 3.2318401 3.7440298 3.7250343 3.5744653 4.4959918 4.0494581 4.0494581 
haemonchus_contortus|HCON_00146030-00002 2.7770356 2.7770356 2.7938480 2.7938480 2.9200648 2.9200648 2.6964245 2.6964245 2.4674304 2.9429609 0.2480343 0.2480343 0.2530088 0.2530088 0.0000010 0.0000000 0.5029121 0.4794117 0.6207219 0.6080559 0.6611767 0.5232643 1.0742975 1.3164241 1.3420230 1.4967179 1.5965667 1.4974490 3.1818764 3.1818764 3.0784705 3.1552317 3.3248567 3.6254013 3.6254013 3.3042469 3.4434790 3.6430936 3.4575785 3.1851182 3.1785480 3.1470591 3.1785480 3.1208134 3.5558678 3.0701186 3.1012753 3.3360467 3.3360467 3.2174694 3.0538571 4.6416337 3.9801836 3.9801836 3.2318401 3.7440298 3.7250343 3.5744653 4.4959918 4.0494581 4.0494581 
ascaris_suum|AgR016_g081_t01             3.0566642 3.0566642 3.0558096 3.0558096 3.3256491 3.3256491 3.3360105 3.3360105 2.9960849 3.1695608 0.4909521 0.4909521 0.4990203 0.4990203 0.5029121 0.5029121 0.0000000 0.0000010 0.3562760 0.3562760 0.3759516 0.6114848 1.2952054 1.5726382 1.5490329 1.6430830 1.7772805 1.7854810 3.3529083 3.3529083 3.3321927 3.2847843 3.7724822 3.6421355 3.6421355 3.7356316 3.9122835 3.7659730 3.7659730 3.5845020 3.2182242 3.1789834 3.2182242 3.1502831 3.6611777 3.1823253 3.1622553 3.4669635 3.4669635 3.7934694 3.3419533 4.9248291 4.7417906 4.7417906 3.5820830 3.7993465 4.6641156 4.6641156 4.5827020 4.6621123 4.6621123 
ascaris_suum|AgR016_g081_t02             3.0274221 3.0274221 3.0264427 3.0264427 3.2650851 3.2650851 3.1101407 3.1101407 2.8408911 3.0498086 0.4685803 0.4685803 0.4761627 0.4761627 0.4794117 0.4794117 0.0000010 0.0000000 0.3372309 0.3372309 0.3546305 0.5738079 1.2332039 1.4651841 1.4423153 1.5275224 1.6887062 1.7057109 3.2452175 3.2452175 3.1863809 3.2085746 3.5861977 3.4854915 3.4854915 3.6305326 3.7977770 3.6941277 3.6941277 3.4868937 3.1530215 3.1167332 3.1530215 3.0884309 3.5941879 2.9080788 2.8877161 3.1481159 3.1481159 3.5319605 3.1062087 4.5586727 4.4792014 4.4792014 3.4076660 3.6062943 4.4857699 4.4857699 4.1366944 4.4772893 4.4772893 
brugia_malayi|Bm13584a.1                 2.6962276 2.6962276 2.6725046 2.6725046 2.8938822 2.8938822 2.8213823 2.8213823 2.6135870 2.9418828 0.6103602 0.6103602 0.6139539 0.6139539 0.6207219 0.6207219 0.3562760 0.3372309 0.0000000 0.0000010 0.0000010 0.6663794 1.1574523 1.5417707 1.6871086 1.5728099 1.6116372 1.6762726 3.5390762 3.5390762 3.4626527 3.3760945 3.5414221 3.7484135 3.7484135 3.5052959 3.6478088 3.5897636 3.3828772 3.4562963 3.4525628 3.4168276 3.4525628 3.3894833 3.8328643 3.0862379 3.2416481 3.4534852 3.4534852 3.8078887 3.3202571 5.4425886 4.3007299 4.3007299 3.4764099 3.9036826 4.1578869 4.0016993 4.5463008 4.6574699 4.6574699 
brugia_malayi|Bm13584b.1                 2.6978968 2.6978968 2.6737698 2.6737698 2.8766252 2.8766252 2.8213823 2.8213823 2.6135870 2.9418828 0.5975587 0.5975587 0.6012240 0.6012240 0.6080559 0.6080559 0.3562760 0.3372309 0.0000010 0.0000000 0.0000010 0.6254614 1.1261760 1.5461632 1.6881189 1.5634176 1.6149474 1.7019238 3.5903386 3.5903386 3.4597007 3.2712776 3.4552786 3.7389593 3.7389593 3.4947080 3.6392990 3.5789075 3.3828772 3.4409726 3.4416830 3.4056649 3.4416830 3.3778217 3.7693030 3.0724581 3.2296223 3.4216691 3.4216691 3.6972108 3.2660079 5.4425886 4.2079882 4.2079882 3.5095149 3.7653786 4.0016993 4.0016993 4.3466153 4.6853592 4.6853592 
brugia_malayi|Bm13584c.1                 2.7562584 2.7562584 2.7264358 2.7264358 2.9502392 2.9502392 2.9588233 2.9588233 2.8054623 2.9371772 0.6444745 0.6444745 0.6489091 0.6489091 0.6611767 0.6611767 0.3759516 0.3546305 0.0000010 0.0000010 0.0000000 0.6670985 1.2460392 1.5909280 1.6708644 1.6276669 1.6838958 1.7904637 3.6380567 3.6380567 3.5821200 3.4668403 3.6249775 3.7668968 3.7668968 3.4613086 3.6371845 3.6379690 3.6379690 3.5623687 3.4866220 3.4418151 3.4866220 3.4082301 3.8946530 3.0812861 3.2885566 3.5393537 3.5393537 3.7928467 3.2719392 5.6841480 4.6339514 4.6339514 3.5019492 3.8660455 4.6146594 4.6146594 4.9186793 5.2782535 5.2782535 
strongyloides_ratti|SRAE_2000432600.1    3.2522389 3.2522389 3.2616890 3.2616890 3.0533600 3.0533600 2.7572262 2.7572262 2.6509988 3.2578810 0.5618224 0.5618224 0.5618224 0.5618224 0.5232643 0.5232643 0.6114848 0.5738079 0.6663794 0.6254614 0.6670985 0.0000000 1.1918734 1.4371785 1.5085515 1.6208468 1.6625427 1.6353220 3.5898261 3.5898261 3.6601728 3.5386561 3.8256447 3.6033873 3.6033873 3.9658489 4.0510962 3.7674050 3.4931830 3.9400392 3.6108211 3.6178281 3.6108211 3.6027384 3.9346281 3.2218289 3.1708065 3.1705307 3.1705307 3.4819807 3.0125414 4.3031217 4.2269745 4.2269745 3.4991530 3.7274892 3.7620281 3.6548481 4.3126808 4.3970572 4.3970572 
trichuris_muris|TMUE_3000013028.1        2.8696505 2.8696505 2.8314713 2.8314713 2.8877804 2.8877804 3.0056795 3.0056795 2.8302897 3.1922471 1.0267823 1.0267823 1.0347030 1.0347030 1.0742975 1.0742975 1.2952054 1.2332039 1.1574523 1.1261760 1.2460392 1.1918734 0.0000000 1.6530033 1.5753158 1.6434008 1.5877567 1.6354018 3.7283557 3.7283557 3.5482477 3.5799778 3.8094591 3.7838658 3.7838658 3.2535764 3.3323658 3.4576572 3.2619039 3.5829445 3.0932435 3.1086183 3.0932435 3.0611304 3.5244608 2.9427727 2.9749818 3.0194095 3.0194095 3.0549161 3.5040583 4.4846416 3.9312939 3.9312939 3.4791433 3.9596578 3.8157903 3.7384146 4.6579902 4.5294282 4.5294282 
Homo_sapiens|sp|P20309|ACM3_HUMAN        3.0168613 3.0168613 3.0030530 3.0030530 3.2515290 3.2515290 2.7064624 2.7064624 2.9500345 2.8989385 1.2670785 1.2670785 1.2670785 1.2670785 1.3164241 1.3164241 1.5726382 1.4651841 1.5417707 1.5461632 1.5909280 1.4371785 1.6530033 0.0000000 0.4805843 0.4527981 0.8118370 0.8337744 3.6059433 3.6059433 3.4037349 3.4578902 3.4371782 3.8116589 3.8116589 3.0525909 3.1072253 3.3214726 3.0954346 3.2858387 3.1184672 3.1398982 3.1184672 3.0745129 3.3027101 2.8442630 2.7850669 3.1735471 3.1735471 3.2182121 2.4509706 4.1063497 4.2469273 4.2469273 3.1529100 3.3795988 3.6540553 3.5151438 3.9683701 4.9555255 4.9555255 
Homo_sapiens|sp|P11229|ACM1_HUMAN        2.9425348 2.9425348 2.9583926 2.9583926 2.9340152 2.9340152 2.7609158 2.7609158 2.7193017 2.6941925 1.3811506 1.3811506 1.3720571 1.3720571 1.3420230 1.3420230 1.5490329 1.4423153 1.6871086 1.6881189 1.6708644 1.5085515 1.5753158 0.4805843 0.0000000 0.5362197 0.8767141 0.9052837 3.9347743 3.9347743 3.5749331 3.7649757 3.5650806 3.8604348 3.8604348 3.0152249 3.1012269 3.2768515 3.0110460 3.3578697 3.1435811 3.1599376 3.1435811 3.0394906 3.3999205 3.1158674 2.9344933 3.1818362 3.1818362 3.1295457 2.7315338 3.5624343 4.2113250 4.2113250 3.3421506 3.5256951 4.4996539 4.3278845 3.9360668 4.5460016 4.5460016 
Homo_sapiens|sp|P08912|ACM5_HUMAN        2.9279328 2.9279328 2.8931999 2.8931999 3.3684954 3.3684954 2.9389786 2.9389786 2.9472408 2.8969625 1.4896566 1.4896566 1.4896594 1.4896594 1.4967179 1.4967179 1.6430830 1.5275224 1.5728099 1.5634176 1.6276669 1.6208468 1.6434008 0.4527981 0.5362197 0.0000000 0.8610237 0.9568589 3.8454938 3.8454938 3.7059516 4.0254631 3.8605633 4.3232860 4.3232860 2.9373673 3.0221765 3.2320415 3.0592411 3.2109452 2.9215646 2.9314993 2.9215646 2.8455973 3.2551738 2.7280076 2.5719769 2.9260745 2.9260745 3.0225379 2.5723994 3.9532025 3.8579023 3.8579023 3.3055338 3.4436480 4.4158673 4.3152900 4.1056478 4.8757524 4.8757524 
Homo_sapiens|sp|P08173|ACM4_HUMAN        2.9373498 2.9373498 2.9271422 2.9271422 3.1453977 3.1453977 2.5989233 2.5989233 2.5047407 2.7937866 1.5897755 1.5897755 1.5897755 1.5897755 1.5965667 1.5965667 1.7772805 1.6887062 1.6116372 1.6149474 1.6838958 1.6625427 1.5877567 0.8118370 0.8767141 0.8610237 0.0000000 0.4384780 3.3825343 3.3825343 3.3413527 3.5388382 3.7682015 3.7107147 3.7107147 3.1057993 3.1594220 3.3483197 3.1023334 3.4811983 2.9824100 2.9776931 2.9824100 2.9866481 3.3083175 2.6188230 2.5321946 2.9538427 2.9538427 3.1739542 2.8625559 3.6389658 4.0664884 4.0664884 3.4153541 3.4479468 3.5227115 3.3976508 3.4600889 4.3914616 4.3914616 
Homo_sapiens|sp|P08172|ACM2_HUMAN        2.9564569 2.9564569 2.9262566 2.9262566 3.0254905 3.0254905 2.7954072 2.7954072 2.8360854 3.0673891 1.4329584 1.4329584 1.4329584 1.4329584 1.4974490 1.4974490 1.7854810 1.7057109 1.6762726 1.7019238 1.7904637 1.6353220 1.6354018 0.8337744 0.9052837 0.9568589 0.4384780 0.0000000 3.5648400 3.5648400 3.1290472 3.5714898 3.8300226 3.9631370 3.9631370 3.2424507 3.2885027 3.2986881 3.0852788 3.5858202 3.0960535 3.0660236 3.0960535 3.0023277 3.5178112 2.6999223 2.6559988 3.0322856 3.0322856 2.9305880 3.1222644 3.6998497 4.1319543 4.1319543 3.1481795 3.4211555 4.1509611 4.0574784 3.7074077 4.7117799 4.7117799 
Caenorhabditis_elegans|Y22D7AR.13.1      3.8707057 3.8707057 3.9121563 3.9121563 3.9812405 3.9812405 3.3506456 3.3506456 3.1818436 3.7679777 3.5855514 3.5855514 3.5992403 3.5992403 3.1818764 3.1818764 3.3529083 3.2452175 3.5390762 3.5903386 3.6380567 3.5898261 3.7283557 3.6059433 3.9347743 3.8454938 3.3825343 3.5648400 0.0000000 0.0000010 0.3632285 0.5909826 0.6862397 1.4613322 1.4613322 2.2245632 2.2489682 2.5875807 2.4653200 2.5354401 2.0639035 2.0749958 2.0639035 2.0588485 2.4952259 2.2939966 2.3088747 2.3586831 2.3586831 2.4340562 2.2902232 3.2571980 2.6685205 2.6685205 2.7886786 2.5918337 2.9771489 2.8865136 3.6199658 3.9229258 3.9229258 
caenorhabditis_elegans|Y22D7AR.13.1      3.8707057 3.8707057 3.9121563 3.9121563 3.9812405 3.9812405 3.3506456 3.3506456 3.1818436 3.7679777 3.5855514 3.5855514 3.5992403 3.5992403 3.1818764 3.1818764 3.3529083 3.2452175 3.5390762 3.5903386 3.6380567 3.5898261 3.7283557 3.6059433 3.9347743 3.8454938 3.3825343 3.5648400 0.0000010 0.0000000 0.3632285 0.5909826 0.6862397 1.4613322 1.4613322 2.2245632 2.2489682 2.5875807 2.4653200 2.5354401 2.0639035 2.0749958 2.0639035 2.0588485 2.4952259 2.2939966 2.3088747 2.3586831 2.3586831 2.4340562 2.2902232 3.2571980 2.6685205 2.6685205 2.7886786 2.5918337 2.9771489 2.8865136 3.6199658 3.9229258 3.9229258 
haemonchus_contortus|HCON_00092730-00001 4.0963248 4.0963248 4.0267919 4.0267919 3.8779678 3.8779678 3.4542752 3.4542752 3.3994609 4.3880070 3.3180457 3.3180457 3.3121884 3.3121884 3.0784705 3.0784705 3.3321927 3.1863809 3.4626527 3.4597007 3.5821200 3.6601728 3.5482477 3.4037349 3.5749331 3.7059516 3.3413527 3.1290472 0.3632285 0.3632285 0.0000000 0.6426062 0.6353817 1.4402579 1.4402579 2.1792489 2.2415772 2.6340909 2.4854119 2.4693107 1.9955181 2.0064749 1.9955181 1.9706485 2.3896809 2.2937427 2.3921322 2.3717865 2.3717865 2.4973660 2.2030988 2.9692342 2.6219987 2.6219987 2.9046679 2.6271168 2.9303297 2.7935464 3.7425666 4.0408940 4.0408940 
strongyloides_ratti|SRAE_2000311400.1    3.9983116 3.9983116 3.9773684 3.9773684 4.2530798 4.2530798 3.5724018 3.5724018 3.6870997 4.3198318 3.3533479 3.3533479 3.3744814 3.3744814 3.1552317 3.1552317 3.2847843 3.2085746 3.3760945 3.2712776 3.4668403 3.5386561 3.5799778 3.4578902 3.7649757 4.0254631 3.5388382 3.5714898 0.5909826 0.5909826 0.6426062 0.0000000 0.6959770 1.6086189 1.6086189 2.4725984 2.5437474 2.9158961 2.7175100 2.5514083 2.4211967 2.4430529 2.4211967 2.3734461 2.8021261 2.5141391 2.4848186 2.7684116 2.7684116 2.3891709 2.5999184 3.5127508 2.8046523 2.8046523 2.6871583 2.7360746 3.0218766 2.8633961 3.5008616 4.1762674 4.1762674 
brugia_malayi|Bm7828.1                   4.5182744 4.5182744 4.4699342 4.4699342 4.4578978 4.4578978 3.9855178 3.9855178 3.8157196 4.3932409 3.4263815 3.4263815 3.4263815 3.4263815 3.3248567 3.3248567 3.7724822 3.5861977 3.5414221 3.4552786 3.6249775 3.8256447 3.8094591 3.4371782 3.5650806 3.8605633 3.7682015 3.8300226 0.6862397 0.6862397 0.6353817 0.6959770 0.0000000 1.4120815 1.4120815 2.3256779 2.4172152 2.6565167 2.4645365 2.5338292 2.4063043 2.4063043 2.4063043 2.2681213 2.8443077 2.6586388 2.5831669 2.6245533 2.6245533 2.4504363 2.3791455 3.3742067 2.9856162 2.9856162 2.5768042 2.7989125 3.1359304 3.0380535 4.0357885 4.2482315 4.2482315 
trichuris_muris|TMUE_2000007816.1        4.5073760 4.5073760 4.5073760 4.5073760 4.5473863 4.5473863 3.7828594 3.7828594 3.9881150 4.1803912 3.7109005 3.7109005 3.7205946 3.7205946 3.6254013 3.6254013 3.6421355 3.4854915 3.7484135 3.7389593 3.7668968 3.6033873 3.7838658 3.8116589 3.8604348 4.3232860 3.7107147 3.9631370 1.4613322 1.4613322 1.4402579 1.6086189 1.4120815 0.0000000 0.0000010 2.6459347 2.7026581 2.8176736 2.6924447 3.0463827 2.4903173 2.4913279 2.4903173 2.4089569 2.8482738 2.3292698 2.2770982 2.4802000 2.4802000 2.3829188 2.6103862 4.6071036 2.8286490 2.8286490 2.7485617 2.8602862 3.7550266 3.7126969 4.0012533 4.2837173 4.2837173 
trichuris_muris|TMUE_0000002003.1        4.5073760 4.5073760 4.5073760 4.5073760 4.5473863 4.5473863 3.7828594 3.7828594 3.9881150 4.1803912 3.7109005 3.7109005 3.7205946 3.7205946 3.6254013 3.6254013 3.6421355 3.4854915 3.7484135 3.7389593 3.7668968 3.6033873 3.7838658 3.8116589 3.8604348 4.3232860 3.7107147 3.9631370 1.4613322 1.4613322 1.4402579 1.6086189 1.4120815 0.0000010 0.0000000 2.6459347 2.7026581 2.8176736 2.6924447 3.0463827 2.4903173 2.4913279 2.4903173 2.4089569 2.8482738 2.3292698 2.2770982 2.4802000 2.4802000 2.3829188 2.6103862 4.6071036 2.8286490 2.8286490 2.7485617 2.8602862 3.7550266 3.7126969 4.0012533 4.2837173 4.2837173 
ascaris_suum|AgB02_g118_t01              4.3921115 4.3921115 4.3783807 4.3783807 4.7090201 4.7090201 4.0534226 4.0534226 3.9669618 4.5574643 3.4135057 3.4135057 3.4072456 3.4072456 3.3042469 3.3042469 3.7356316 3.6305326 3.5052959 3.4947080 3.4613086 3.9658489 3.2535764 3.0525909 3.0152249 2.9373673 3.1057993 3.2424507 2.2245632 2.2245632 2.1792489 2.4725984 2.3256779 2.6459347 2.6459347 0.0000000 0.0000010 0.3866910 0.3344707 0.4829421 0.4455284 0.4455284 0.4455284 0.4205848 0.5297164 2.4547040 2.5333801 2.6197872 2.6197872 2.3317143 2.3369609 2.4765167 2.6467029 2.6467029 2.5286942 2.4017337 2.9142733 2.8305413 3.4469909 3.8158792 3.8158792 
ascaris_suum|AgB02_g118_t02              4.4604141 4.4604141 4.4472112 4.4472112 4.7271147 4.7271147 4.0767502 4.0767502 3.9554852 4.5648604 3.5903339 3.5903339 3.5836780 3.5836780 3.4434790 3.4434790 3.9122835 3.7977770 3.6478088 3.6392990 3.6371845 4.0510962 3.3323658 3.1072253 3.1012269 3.0221765 3.1594220 3.2885027 2.2489682 2.2489682 2.2415772 2.5437474 2.4172152 2.7026581 2.7026581 0.0000010 0.0000000 0.3851757 0.3348631 0.4699811 0.4476146 0.4476146 0.4476146 0.4235357 0.5104793 2.5379596 2.6178702 2.6819189 2.6819189 2.4291551 2.4198629 2.4858984 2.7583123 2.7583123 2.7430464 2.5928613 3.0373133 2.9549934 3.4469909 3.9462204 3.9462204 
brugia_malayi|Bm17961a.1                 4.7104387 4.7104387 4.6993054 4.6993054 4.6067593 4.6067593 4.0348906 4.0348906 3.6216792 4.3395921 3.7377260 3.7377260 3.7568723 3.7568723 3.6430936 3.6430936 3.7659730 3.6941277 3.5897636 3.5789075 3.6379690 3.7674050 3.4576572 3.3214726 3.2768515 3.2320415 3.3483197 3.2986881 2.5875807 2.5875807 2.6340909 2.9158961 2.6565167 2.8176736 2.8176736 0.3866910 0.3851757 0.0000000 0.0000010 0.5736874 0.5395064 0.5395064 0.5395064 0.5325043 0.5466049 2.5365893 2.5669519 2.5174154 2.5174154 2.5163483 2.7347789 2.5558938 2.6453488 2.6453488 2.7109628 2.7102393 3.2183668 3.0830680 3.6066327 4.4542219 4.4542219 
brugia_malayi|Bm17961b.1                 4.4949111 4.4949111 4.4829467 4.4829467 4.3938319 4.3938319 3.8462116 3.8462116 3.5620274 4.3395921 3.5308099 3.5308099 3.5502697 3.5502697 3.4575785 3.4575785 3.7659730 3.6941277 3.3828772 3.3828772 3.6379690 3.4931830 3.2619039 3.0954346 3.0110460 3.0592411 3.1023334 3.0852788 2.4653200 2.4653200 2.4854119 2.7175100 2.4645365 2.6924447 2.6924447 0.3344707 0.3348631 0.0000010 0.0000000 0.5278411 0.4989040 0.4989040 0.4989040 0.4912279 0.5076534 2.4047798 2.4448365 2.3741987 2.3741987 2.3916912 2.5794011 2.3370769 2.4579794 2.4579794 2.5671598 2.5438128 2.9762896 2.9762896 3.2964656 4.0362769 4.0362769 
strongyloides_ratti|SRAE_X000053200.1    4.5704085 4.5704085 4.5716104 4.5716104 5.2191854 5.2191854 4.1395054 4.1395054 4.3183259 4.8652902 3.6426658 3.6426658 3.6359648 3.6359648 3.1851182 3.1851182 3.5845020 3.4868937 3.4562963 3.4409726 3.5623687 3.9400392 3.5829445 3.2858387 3.3578697 3.2109452 3.4811983 3.5858202 2.5354401 2.5354401 2.4693107 2.5514083 2.5338292 3.0463827 3.0463827 0.4829421 0.4699811 0.5736874 0.5278411 0.0000000 0.4480239 0.4455773 0.4480239 0.4310156 0.4749716 2.6060279 2.6190538 2.9497893 2.9497893 2.7308144 2.7564156 3.2783923 2.5847760 2.5847760 2.9675147 2.7673360 3.4529558 3.3329040 3.7558497 4.4421748 4.4421748 
caenorhabditis_elegans|C02D4.2a.1        4.8554567 4.8554567 4.8224484 4.8224484 4.6595283 4.6595283 4.1855472 4.1855472 3.8348323 4.6581663 3.3934319 3.3934319 3.4124496 3.4124496 3.1785480 3.1785480 3.2182242 3.1530215 3.4525628 3.4416830 3.4866220 3.6108211 3.0932435 3.1184672 3.1435811 2.9215646 2.9824100 3.0960535 2.0639035 2.0639035 1.9955181 2.4211967 2.4063043 2.4903173 2.4903173 0.4455284 0.4476146 0.5395064 0.4989040 0.4480239 0.0000000 0.0000010 0.0000010 0.0144933 0.2160724 2.2575139 2.2526461 2.5040813 2.5040813 2.3210482 2.4689851 2.6952845 2.4454054 2.4454054 2.6360010 2.6342260 3.0896031 2.9600018 3.6686480 3.6727897 3.6727897 
caenorhabditis_elegans|C02D4.2e.1        4.8564852 4.8564852 4.8235083 4.8235083 4.6794085 4.6794085 4.1855472 4.1855472 3.8463031 4.6552574 3.3583814 3.3583814 3.3771896 3.3771896 3.1470591 3.1470591 3.1789834 3.1167332 3.4168276 3.4056649 3.4418151 3.6178281 3.1086183 3.1398982 3.1599376 2.9314993 2.9776931 3.0660236 2.0749958 2.0749958 2.0064749 2.4430529 2.4063043 2.4913279 2.4913279 0.4455284 0.4476146 0.5395064 0.4989040 0.4455773 0.0000010 0.0000000 0.0000010 0.0144933 0.2160724 2.2588381 2.2539902 2.5050701 2.5050701 2.3299570 2.4684403 2.6907420 2.4449286 2.4449286 2.6360010 2.6342260 3.0875708 2.9582592 3.6686480 3.6915118 3.6915118 
caenorhabditis_elegans|C02D4.2f.1        4.8554567 4.8554567 4.8224484 4.8224484 4.6595283 4.6595283 4.1855472 4.1855472 3.8348323 4.6581663 3.3934319 3.3934319 3.4124496 3.4124496 3.1785480 3.1785480 3.2182242 3.1530215 3.4525628 3.4416830 3.4866220 3.6108211 3.0932435 3.1184672 3.1435811 2.9215646 2.9824100 3.0960535 2.0639035 2.0639035 1.9955181 2.4211967 2.4063043 2.4903173 2.4903173 0.4455284 0.4476146 0.5395064 0.4989040 0.4480239 0.0000010 0.0000010 0.0000000 0.0144933 0.2160724 2.2575139 2.2526461 2.5040813 2.5040813 2.3210482 2.4689851 2.6952845 2.4454054 2.4454054 2.6360010 2.6342260 3.0896031 2.9600018 3.6686480 3.6727897 3.6727897 
caenorhabditis_elegans|C02D4.2g.1        4.6021142 4.6021142 4.5698962 4.5698962 4.7883839 4.7883839 4.0679745 4.0679745 3.7856832 4.4657048 3.3219784 3.3219784 3.3410550 3.3410550 3.1208134 3.1208134 3.1502831 3.0884309 3.3894833 3.3778217 3.4082301 3.6027384 3.0611304 3.0745129 3.0394906 2.8455973 2.9866481 3.0023277 2.0588485 2.0588485 1.9706485 2.3734461 2.2681213 2.4089569 2.4089569 0.4205848 0.4235357 0.5325043 0.4912279 0.4310156 0.0144933 0.0144933 0.0144933 0.0000000 0.2238225 2.1881162 2.2066012 2.4225575 2.4225575 2.2894853 2.4204678 2.5749298 2.3198682 2.3198682 2.6150040 2.5268700 2.9840872 2.8549739 3.5033245 3.6478364 3.6478364 
haemonchus_contortus|HCON_00188280-00001 4.9181734 4.9181734 4.8705469 4.8705469 4.9881522 4.9881522 4.6476833 4.6476833 4.3081456 4.7571102 3.8600617 3.8600617 3.8797031 3.8797031 3.5558678 3.5558678 3.6611777 3.5941879 3.8328643 3.7693030 3.8946530 3.9346281 3.5244608 3.3027101 3.3999205 3.2551738 3.3083175 3.5178112 2.4952259 2.4952259 2.3896809 2.8021261 2.8443077 2.8482738 2.8482738 0.5297164 0.5104793 0.5466049 0.5076534 0.4749716 0.2160724 0.2160724 0.2160724 0.2238225 0.0000000 2.7146121 2.6595831 2.8847441 2.8847441 2.6812120 2.9257653 3.0875551 2.6617180 2.6617180 2.6714345 3.0228445 3.4084414 3.2213322 3.8586094 4.0407665 4.0407665 
ancylostoma_caninum|ANCCAN_02889         4.3641718 4.3641718 4.2987249 4.2987249 4.6456761 4.6456761 3.5937947 3.5937947 3.6795195 4.3631902 2.9651573 2.9651573 2.9651573 2.9651573 3.0701186 3.0701186 3.1823253 2.9080788 3.0862379 3.0724581 3.0812861 3.2218289 2.9427727 2.8442630 3.1158674 2.7280076 2.6188230 2.6999223 2.2939966 2.2939966 2.2937427 2.5141391 2.6586388 2.3292698 2.3292698 2.4547040 2.5379596 2.5365893 2.4047798 2.6060279 2.2575139 2.2588381 2.2575139 2.1881162 2.7146121 0.0000000 0.0993241 0.2357809 0.2357809 0.7870793 0.7664621 3.3387216 2.8917459 2.8917459 3.0492755 2.8447766 3.3215274 3.1942303 3.6790278 4.3156785 4.3156785 
haemonchus_contortus|HCON_00185650-00001 4.2965987 4.2965987 4.2589870 4.2589870 4.4191855 4.4191855 3.5650052 3.5650052 3.7571568 4.3149625 2.9436654 2.9436654 2.9436654 2.9436654 3.1012753 3.1012753 3.1622553 2.8877161 3.2416481 3.2296223 3.2885566 3.1708065 2.9749818 2.7850669 2.9344933 2.5719769 2.5321946 2.6559988 2.3088747 2.3088747 2.3921322 2.4848186 2.5831669 2.2770982 2.2770982 2.5333801 2.6178702 2.5669519 2.4448365 2.6190538 2.2526461 2.2539902 2.2526461 2.2066012 2.6595831 0.0993241 0.0000000 0.3118768 0.3118768 0.7563795 0.7879300 3.3613759 2.9437864 2.9437864 2.9029135 2.8387853 3.3658203 3.2368815 3.6321911 4.3497075 4.3497075 
caenorhabditis_elegans|F14D12.6a.1       4.7524900 4.7524900 4.6986091 4.6986091 4.7184499 4.7184499 3.7634771 3.7634771 3.6708436 4.5180971 3.3453956 3.3453956 3.3453956 3.3453956 3.3360467 3.3360467 3.4669635 3.1481159 3.4534852 3.4216691 3.5393537 3.1705307 3.0194095 3.1735471 3.1818362 2.9260745 2.9538427 3.0322856 2.3586831 2.3586831 2.3717865 2.7684116 2.6245533 2.4802000 2.4802000 2.6197872 2.6819189 2.5174154 2.3741987 2.9497893 2.5040813 2.5050701 2.5040813 2.4225575 2.8847441 0.2357809 0.3118768 0.0000000 0.0000010 0.8014243 0.8230695 3.4372590 2.9108857 2.9108857 2.8741723 3.1501204 3.6552866 3.4835603 3.6776680 4.6324628 4.6324628 
caenorhabditis_elegans|F14D12.6b.1       4.7524900 4.7524900 4.6986091 4.6986091 4.7184499 4.7184499 3.7634771 3.7634771 3.6708436 4.5180971 3.3453956 3.3453956 3.3453956 3.3453956 3.3360467 3.3360467 3.4669635 3.1481159 3.4534852 3.4216691 3.5393537 3.1705307 3.0194095 3.1735471 3.1818362 2.9260745 2.9538427 3.0322856 2.3586831 2.3586831 2.3717865 2.7684116 2.6245533 2.4802000 2.4802000 2.6197872 2.6819189 2.5174154 2.3741987 2.9497893 2.5040813 2.5050701 2.5040813 2.4225575 2.8847441 0.2357809 0.3118768 0.0000010 0.0000000 0.8014243 0.8230695 3.4372590 2.9108857 2.9108857 2.8741723 3.1501204 3.6552866 3.4835603 3.6776680 4.6324628 4.6324628 
strongyloides_ratti|SRAE_X000041900.1    4.3630413 4.3630413 4.3299114 4.3299114 4.9177080 4.9177080 3.4456801 3.4456801 3.6225081 4.3060885 3.4681104 3.4681104 3.4811884 3.4811884 3.2174694 3.2174694 3.7934694 3.5319605 3.8078887 3.6972108 3.7928467 3.4819807 3.0549161 3.2182121 3.1295457 3.0225379 3.1739542 2.9305880 2.4340562 2.4340562 2.4973660 2.3891709 2.4504363 2.3829188 2.3829188 2.3317143 2.4291551 2.5163483 2.3916912 2.7308144 2.3210482 2.3299570 2.3210482 2.2894853 2.6812120 0.7870793 0.7563795 0.8014243 0.8014243 0.0000000 0.8800820 2.9802124 3.0665168 3.0665168 2.9581325 2.9255344 3.2354618 3.2040761 3.5699082 3.9064120 3.9064120 
ascaris_suum|AgB16X_g041_t01             4.5227499 4.5227499 4.4901573 4.4901573 4.5499827 4.5499827 3.5339694 3.5339694 3.8910355 4.7431361 3.1069541 3.1069541 3.1129511 3.1129511 3.0538571 3.0538571 3.3419533 3.1062087 3.3202571 3.2660079 3.2719392 3.0125414 3.5040583 2.4509706 2.7315338 2.5723994 2.8625559 3.1222644 2.2902232 2.2902232 2.2030988 2.5999184 2.3791455 2.6103862 2.6103862 2.3369609 2.4198629 2.7347789 2.5794011 2.7564156 2.4689851 2.4684403 2.4689851 2.4204678 2.9257653 0.7664621 0.7879300 0.8230695 0.8230695 0.8800820 0.0000000 3.1000645 2.8348451 2.8348451 3.0274287 3.1872688 3.1966393 3.0738463 3.5906322 3.9390968 3.9390968 
ascaris_suum|AgR014X_g062_t04            6.4471547 6.4471547 6.4471547 6.4471547 6.3887766 6.3887766 5.5147068 5.5147068 5.0442052 5.7661589 4.5862660 4.5862660 4.6065436 4.6065436 4.6416337 4.6416337 4.9248291 4.5586727 5.4425886 5.4425886 5.6841480 4.3031217 4.4846416 4.1063497 3.5624343 3.9532025 3.6389658 3.6998497 3.2571980 3.2571980 2.9692342 3.5127508 3.3742067 4.6071036 4.6071036 2.4765167 2.4858984 2.5558938 2.3370769 3.2783923 2.6952845 2.6907420 2.6952845 2.5749298 3.0875551 3.3387216 3.3613759 3.4372590 3.4372590 2.9802124 3.1000645 0.0000000 4.1192777 4.1192777 4.2965463 3.5715638 4.7135881 4.7135881 3.7668059 4.8934270 4.8934270 
caenorhabditis_elegans|F15A8.5a.1        4.1987546 4.1987546 4.1873519 4.1873519 4.3305070 4.3305070 4.4851330 4.4851330 4.5129232 5.5567686 4.2487082 4.2487082 4.2487082 4.2487082 3.9801836 3.9801836 4.7417906 4.4792014 4.3007299 4.2079882 4.6339514 4.2269745 3.9312939 4.2469273 4.2113250 3.8579023 4.0664884 4.1319543 2.6685205 2.6685205 2.6219987 2.8046523 2.9856162 2.8286490 2.8286490 2.6467029 2.7583123 2.6453488 2.4579794 2.5847760 2.4454054 2.4449286 2.4454054 2.3198682 2.6617180 2.8917459 2.9437864 2.9108857 2.9108857 3.0665168 2.8348451 4.1192777 0.0000000 0.0000010 3.0282655 2.6685878 3.4888000 3.3885775 4.1604814 3.9501784 3.9501784 
caenorhabditis_elegans|F15A8.5a.2        4.1987546 4.1987546 4.1873519 4.1873519 4.3305070 4.3305070 4.4851330 4.4851330 4.5129232 5.5567686 4.2487082 4.2487082 4.2487082 4.2487082 3.9801836 3.9801836 4.7417906 4.4792014 4.3007299 4.2079882 4.6339514 4.2269745 3.9312939 4.2469273 4.2113250 3.8579023 4.0664884 4.1319543 2.6685205 2.6685205 2.6219987 2.8046523 2.9856162 2.8286490 2.8286490 2.6467029 2.7583123 2.6453488 2.4579794 2.5847760 2.4454054 2.4449286 2.4454054 2.3198682 2.6617180 2.8917459 2.9437864 2.9108857 2.9108857 3.0665168 2.8348451 4.1192777 0.0000010 0.0000000 3.0282655 2.6685878 3.4888000 3.3885775 4.1604814 3.9501784 3.9501784 
brugia_malayi|Bm2086.1                   4.2108915 4.2108915 4.1725860 4.1725860 4.5162494 4.5162494 3.6574763 3.6574763 3.4051571 3.9661513 3.3016345 3.3016345 3.3056820 3.3056820 3.2318401 3.2318401 3.5820830 3.4076660 3.4764099 3.5095149 3.5019492 3.4991530 3.4791433 3.1529100 3.3421506 3.3055338 3.4153541 3.1481795 2.7886786 2.7886786 2.9046679 2.6871583 2.5768042 2.7485617 2.7485617 2.5286942 2.7430464 2.7109628 2.5671598 2.9675147 2.6360010 2.6360010 2.6360010 2.6150040 2.6714345 3.0492755 2.9029135 2.8741723 2.8741723 2.9581325 3.0274287 4.2965463 3.0282655 3.0282655 0.0000000 1.0492739 3.1096606 2.9703544 3.7560176 3.7119733 3.7119733 
strongyloides_ratti|SRAE_X000126000.1    4.3411953 4.3411953 4.3651003 4.3651003 4.7781835 4.7781835 3.6413202 3.6413202 3.4035056 4.1384281 3.7749887 3.7749887 3.7897996 3.7897996 3.7440298 3.7440298 3.7993465 3.6062943 3.9036826 3.7653786 3.8660455 3.7274892 3.9596578 3.3795988 3.5256951 3.4436480 3.4479468 3.4211555 2.5918337 2.5918337 2.6271168 2.7360746 2.7989125 2.8602862 2.8602862 2.4017337 2.5928613 2.7102393 2.5438128 2.7673360 2.6342260 2.6342260 2.6342260 2.5268700 3.0228445 2.8447766 2.8387853 3.1501204 3.1501204 2.9255344 3.1872688 3.5715638 2.6685878 2.6685878 1.0492739 0.0000000 2.8772654 2.7837154 3.7758655 4.2723261 4.2723261 
caenorhabditis_elegans|F59C12.2a.1       5.4756051 5.4756051 5.5295979 5.5295979 5.7063593 5.7063593 4.7369664 4.7369664 4.9153520 4.9549025 3.7449126 3.7449126 3.7643300 3.7643300 3.7250343 3.7250343 4.6641156 4.4857699 4.1578869 4.0016993 4.6146594 3.7620281 3.8157903 3.6540553 4.4996539 4.4158673 3.5227115 4.1509611 2.9771489 2.9771489 2.9303297 3.0218766 3.1359304 3.7550266 3.7550266 2.9142733 3.0373133 3.2183668 2.9762896 3.4529558 3.0896031 3.0875708 3.0896031 2.9840872 3.4084414 3.3215274 3.3658203 3.6552866 3.6552866 3.2354618 3.1966393 4.7135881 3.4888000 3.4888000 3.1096606 2.8772654 0.0000000 0.0000010 4.6077877 3.7130853 3.7130853 
caenorhabditis_elegans|F59C12.2b.1       5.2289176 5.2289176 5.2796454 5.2796454 5.7028834 5.7028834 4.7369664 4.7369664 4.9153520 4.9549025 3.6019939 3.6019939 3.6211697 3.6211697 3.5744653 3.5744653 4.6641156 4.4857699 4.0016993 4.0016993 4.6146594 3.6548481 3.7384146 3.5151438 4.3278845 4.3152900 3.3976508 4.0574784 2.8865136 2.8865136 2.7935464 2.8633961 3.0380535 3.7126969 3.7126969 2.8305413 2.9549934 3.0830680 2.9762896 3.3329040 2.9600018 2.9582592 2.9600018 2.8549739 3.2213322 3.1942303 3.2368815 3.4835603 3.4835603 3.2040761 3.0738463 4.7135881 3.3885775 3.3885775 2.9703544 2.7837154 0.0000010 0.0000000 4.4128229 3.6439397 3.6439397 
ascaris_suum|AgR014X_g097_t01            5.7284830 5.7284830 5.7284830 5.7284830 6.0574358 6.0574358 4.5729696 4.5729696 4.9261215 7.1453535 4.3515514 4.3515514 4.3515514 4.3515514 4.4959918 4.4959918 4.5827020 4.1366944 4.5463008 4.3466153 4.9186793 4.3126808 4.6579902 3.9683701 3.9360668 4.1056478 3.4600889 3.7074077 3.6199658 3.6199658 3.7425666 3.5008616 4.0357885 4.0012533 4.0012533 3.4469909 3.4469909 3.6066327 3.2964656 3.7558497 3.6686480 3.6686480 3.6686480 3.5033245 3.8586094 3.6790278 3.6321911 3.6776680 3.6776680 3.5699082 3.5906322 3.7668059 4.1604814 4.1604814 3.7560176 3.7758655 4.6077877 4.4128229 0.0000000 4.5372682 4.5372682 
ascaris_suum|AgR001_g487_t01             7.1656103 7.1656103 7.1656103 7.1656103 7.3493467 7.3493467 6.3126350 6.3126350 6.7024230 7.9299820 4.5110505 4.5110505 4.5110505 4.5110505 4.0494581 4.0494581 4.6621123 4.4772893 4.6574699 4.6853592 5.2782535 4.3970572 4.5294282 4.9555255 4.5460016 4.8757524 4.3914616 4.7117799 3.9229258 3.9229258 4.0408940 4.1762674 4.2482315 4.2837173 4.2837173 3.8158792 3.9462204 4.4542219 4.0362769 4.4421748 3.6727897 3.6915118 3.6727897 3.6478364 4.0407665 4.3156785 4.3497075 4.6324628 4.6324628 3.9064120 3.9390968 4.8934270 3.9501784 3.9501784 3.7119733 4.2723261 3.7130853 3.6439397 4.5372682 0.0000000 0.0000010 
ascaris_suum|AgR001_g487_t02             7.1656103 7.1656103 7.1656103 7.1656103 7.3493467 7.3493467 6.3126350 6.3126350 6.7024230 7.9299820 4.5110505 4.5110505 4.5110505 4.5110505 4.0494581 4.0494581 4.6621123 4.4772893 4.6574699 4.6853592 5.2782535 4.3970572 4.5294282 4.9555255 4.5460016 4.8757524 4.3914616 4.7117799 3.9229258 3.9229258 4.0408940 4.1762674 4.2482315 4.2837173 4.2837173 3.8158792 3.9462204 4.4542219 4.0362769 4.4421748 3.6727897 3.6915118 3.6727897 3.6478364 4.0407665 4.3156785 4.3497075 4.6324628 4.6324628 3.9064120 3.9390968 4.8934270 3.9501784 3.9501784 3.7119733 4.2723261 3.7130853 3.6439397 4.5372682 0.0000010 0.0000000 
